CACHE type 5 produced by analog 6.0/Unix. Do not modify or delete!
T	0	0	386	134	58	156	1528103
D	29255068	29303440
20316	5	8	0	512
20316	6	5	0	435
20316	25	1	1	0
20316	29	1	1	0
20316	34	2	2	0
20316	60	2	1	0
20316	84	3	2	0
20316	91	1	1	0
20316	110	2	1	0
20316	120	2	1	0
20316	121	1	1	0
20316	137	3	2	0
20316	138	6	3	0
20316	184	2	1	0
20316	217	5	3	0
20316	267	2	1	7197
20316	275	1	0	0
20317	6	2	1	7194
20317	25	1	1	7194
20317	27	3	2	26666
20317	93	4	2	14389
20317	96	11	2	67219
20317	98	11	2	67219
20317	101	3	1	7311
20317	105	1	0	0
20317	115	2	1	7194
20317	121	1	1	7187
20317	222	2	1	26666
20317	251	3	1	10897
20318	3	2	1	7194
20318	4	1	0	0
20318	27	2	1	7193
20318	43	7	2	33610
20318	87	10	3	65374
20318	111	2	1	6650
20318	205	2	1	6650
20318	286	7	2	29475
20319	59	2	1	6652
20319	97	2	1	6652
20319	99	2	1	6652
20319	144	1	0	0
20319	213	4	1	29360
20320	27	2	1	6641
20320	29	2	1	6641
20320	30	7	2	35999
20320	53	2	1	6650
20320	84	2	1	6650
20320	107	2	1	6650
20320	202	2	1	6650
20321	79	2	1	6650
20321	122	2	1	6650
20321	171	2	1	6650
20322	33	2	1	7194
20322	68	2	1	6651
20322	86	2	1	6651
20322	146	2	1	6651
20322	205	2	1	6651
20322	228	6	2	29378
20323	89	2	1	6653
20324	64	1	0	0
20324	104	2	1	6653
20324	205	2	1	25483
20324	206	2	1	6653
20325	69	2	1	6651
20325	83	2	1	6651
20325	263	2	1	6651
20326	81	2	1	6653
20327	79	2	1	6651
20327	134	2	0	96
20328	86	2	1	6653
20328	192	5	3	29425
20328	199	2	1	6653
20329	77	2	1	6654
20330	74	2	1	6651
20330	77	4	2	13845
20330	78	2	1	6640
20330	79	11	2	63002
20330	81	2	1	6651
20330	88	4	0	0
20330	185	2	1	6651
20330	233	1	0	0
20330	273	2	1	6651
20331	8	2	1	6623
20331	97	2	1	6651
20331	229	2	1	25483
20332	47	10	2	59350
20332	115	2	1	6648
20332	116	2	1	6648
20332	223	23	8	219452
20333	82	7	2	36029
20333	99	2	1	6651
20333	100	2	1	6651
20333	101	2	1	6651
20333	280	2	1	25483
20334	81	2	1	6648
20334	148	2	1	6648
20334	239	5	1	29375
20335	105	4	3	13837
20336	104	4	2	13302
20336	141	2	1	7195
20337	93	9	3	48015
20337	143	2	1	6652
20337	199	2	0	96
20337	213	2	1	25483
20338	80	4	3	13847
20338	121	1	0	0
20339	81	2	1	0
20339	84	1	0	0
20340	43	2	0	96
20340	86	2	1	0
20340	168	1	0	0
20340	214	1	0	0
20340	218	2	0	96
20341	33	1	0	0
20341	78	2	0	0
20342	77	2	0	0
20342	144	2	0	96
20342	253	2	0	117
20343	84	2	0	0
20344	75	2	1	0
20344	188	2	0	96
20345	99	2	0	0
20345	103	1	0	0
20345	117	1	0	0
20345	186	1	0	0
20346	58	1	0	83759
20346	168	1	0	0
20347	94	1	0	0
20347	97	1	0	0
20347	102	1	0	0
20347	127	1	0	0
20347	134	1	0	0
20347	152	1	0	0
20347	180	1	0	0
20347	195	2	0	96
20348	0	1	0	0
20348	149	2	0	117
20348	284	2	0	96
20349	72	1	0	0
20349	91	1	0	0
20349	176	2	0	96
1	1	0	0	0	29259849	0	0	29259849	0	0	0	/wp-cron.php?doing_wp_cron=1755515376.7300770282745361328125
1	0	0	0	1	0	0	29275641	0	0	29275641	0	/epinyins.php
1	1	0	0	0	29300317	0	0	29300317	0	0	0	/wp-cron.php?doing_wp_cron=1757943459.1668760776519775390625
1	1	0	0	0	29275596	0	0	29275596	0	0	0	/wp-cron.php?doing_wp_cron=1756460212.3600609302520751953125
1	0	0	0	1	0	0	29275641	0	0	29275641	0	/shout.php
1	1	0	0	0	29290674	0	0	29290674	0	0	0	/wp-cron.php?doing_wp_cron=1757364851.0472660064697265625000
1	0	0	0	1	0	0	29275642	0	0	29275642	0	/11.php
1	1	0	0	0	29297299	0	0	29297299	0	0	0	/wp-cron.php?doing_wp_cron=1757762371.4644460678100585937500
1	1	0	0	0	29276681	0	0	29276681	0	0	0	/wp-cron.php?doing_wp_cron=1756525295.7518620491027832031250
1	1	0	0	0	29255731	0	0	29255731	0	0	0	/wp-cron.php?doing_wp_cron=1755268289.1795771121978759765625
1	0	0	0	2	0	0	29273284	0	0	29256615	0	/?author=2
1	0	0	2	0	0	29273284	0	0	29256615	0	0	/?author=1
1	1	0	0	0	29274148	0	0	29274148	0	0	0	/wp-cron.php?doing_wp_cron=1756373333.0894229412078857421875
1	1	0	0	0	29255068	0	0	29255068	0	0	64	/.well-known/acme-challenge/DKMJPTBYD2496QYSWVDFKN2NGJU7I21A
1	1	0	0	0	29257059	0	0	29257059	0	0	0	/wp-cron.php?doing_wp_cron=1755347947.7651450634002685546875
1	1	0	0	0	29275598	0	0	29275598	0	0	0	/wp-cron.php?doing_wp_cron=1756460336.4159200191497802734375
1	0	0	0	1	0	0	29275642	0	0	29275642	0	/aa.php
1	1	0	0	0	29267586	0	0	29267586	0	0	0	/wp-cron.php?doing_wp_cron=1755979577.4314870834350585937500
1	1	0	0	0	29263846	0	0	29263846	0	0	0	/wp-cron.php?doing_wp_cron=1755755216.4023029804229736328125
1	1	0	0	0	29303017	0	0	29303017	0	0	0	/wp-cron.php?doing_wp_cron=1758105441.1232089996337890625000
1	0	0	0	1	0	0	29275641	0	0	29275641	0	/v.php
1	0	0	0	1	0	0	29275642	0	0	29275642	0	/dropdown.php
1	1	0	0	0	29300193	0	0	29300193	0	0	0	/wp-cron.php?doing_wp_cron=1757936036.5649709701538085937500
1	1	0	0	0	29297386	0	0	29297386	0	0	0	/wp-cron.php?doing_wp_cron=1757767577.0857660770416259765625
1	0	0	0	2	0	0	29276366	0	0	29275641	0	/error.php
1	1	0	0	0	29269316	0	0	29269316	0	0	0	/wp-cron.php?doing_wp_cron=1756083388.1834430694580078125000
1	1	0	0	0	29255068	0	0	29255068	0	0	64	/.well-known/acme-challenge/GIO-AD4_2B5ZWI4N1QVR27_A_4O8L-GV
1	1	0	0	0	29264410	0	0	29264410	0	0	0	/wp-cron.php?doing_wp_cron=1755789043.1149709224700927734375
1	1	0	0	0	29299084	0	0	29299084	0	0	0	/wp-cron.php?doing_wp_cron=1757869443.6703259944915771484375
1	0	0	0	1	0	0	29275641	0	0	29275641	0	/size.php
1	1	0	0	0	29255464	0	0	29255464	0	0	0	/wp-cron.php?doing_wp_cron=1755252265.6316730976104736328125
1	0	0	0	1	0	0	29275641	0	0	29275641	0	/ahax.php
1	1	0	0	0	29273319	0	0	29273319	0	0	0	/wp-cron.php?doing_wp_cron=1756323545.8490760326385498046875
1	1	0	0	0	29261220	0	0	29261220	0	0	0	/wp-cron.php?doing_wp_cron=1755597645.3205831050872802734375
1	1	0	0	0	29257737	0	0	29257737	0	0	0	/wp-cron.php?doing_wp_cron=1755388659.5726029872894287109375
1	1	0	0	0	29300169	0	0	29300169	0	0	0	/wp-cron.php?doing_wp_cron=1757934555.5719430446624755859375
1	0	0	0	1	0	0	29275642	0	0	29275642	0	/html.php
1	1	0	0	0	29256948	0	0	29256948	0	0	0	/wp-cron.php?doing_wp_cron=1755341288.0338430404663085937500
1	1	0	0	0	29263095	0	0	29263095	0	0	0	/wp-cron.php?doing_wp_cron=1755710134.0399250984191894531250
1	1	0	0	0	29275606	0	0	29275606	0	0	0	/wp-cron.php?doing_wp_cron=1756460776.4367740154266357421875
1	1	0	0	0	29258356	0	0	29258356	0	0	0	/wp-cron.php?doing_wp_cron=1755425801.7287700176239013671875
1	7	0	0	0	29258357	0	0	29256963	0	0	3332	/wp-content/uploads/elementor/css/post-6.css?ver=1755304425
1	1	0	0	0	29278659	0	0	29278659	0	0	0	/wp-cron.php?doing_wp_cron=1756643955.3331320285797119140625
1	1	0	0	0	29298533	0	0	29298533	0	0	83759	/wp-includes/js/jquery/jquery.js?52.70.57.247
1	1	0	0	0	29281703	0	0	29281703	0	0	0	/wp-cron.php?doing_wp_cron=1756826597.4534749984741210937500
1	0	0	0	1	0	0	29275642	0	0	29275642	0	/456.php
1	0	0	0	1	0	0	29275641	0	0	29275641	0	/goat.php
1	0	0	0	2	0	0	29284546	0	0	29255644	0	/wordpress/
1	0	0	0	1	0	0	29275641	0	0	29275641	0	/a1.php
1	1	0	0	0	29255593	0	0	29255593	0	0	0	/wp-cron.php?doing_wp_cron=1755259989.4059309959411621093750
1	1	0	0	0	29289817	0	0	29289817	0	0	0	/wp-cron.php?doing_wp_cron=1757313477.4299910068511962890625
1	0	0	0	2	0	0	29275642	0	0	29275641	0	/wp-mn.php
1	0	0	0	1	0	0	29275641	0	0	29275641	0	/12.php
1	3	0	0	0	29275598	0	0	29264822	0	0	1473	/wp-content/uploads/elementor/css/post-6.css?ver=1755733797
1	1	0	0	0	29294343	0	0	29294343	0	0	0	/wp-cron.php?doing_wp_cron=1757584996.5023610591888427734375
1	1	0	0	0	29303440	0	0	29303440	0	0	0	/wp-cron.php?doing_wp_cron=1758130805.7305369377136230468750
1	1	0	0	0	29301869	0	0	29301869	0	0	0	/wp-cron.php?doing_wp_cron=1758036542.8952109813690185546875
1	0	0	0	1	0	0	29275641	0	0	29275641	0	/6.php
1	1	0	0	0	29275573	0	0	29275573	0	0	0	/wp-cron.php?doing_wp_cron=1756458797.6820600032806396484375
1	0	0	0	2	0	0	29276366	0	0	29275641	0	/ar.php
1	0	0	0	2	0	0	29276366	0	0	29275641	0	/lock360.php
1	1	0	0	0	29293200	0	0	29293200	0	0	0	/wp-cron.php?doing_wp_cron=1757516433.6796329021453857421875
1	1	0	0	0	29276567	0	0	29276567	0	0	0	/wp-cron.php?doing_wp_cron=1756518444.8407750129699707031250
1	0	0	0	1	0	0	29255499	0	0	29255499	0	/wp
1	3	0	0	0	29260953	0	0	29259354	0	0	1416	/wp-content/uploads/elementor/css/post-6.css?ver=1755454742
1	1	0	0	0	29275641	0	0	29275641	0	0	0	/wp-cron.php?doing_wp_cron=1756462880.5584990978240966796875
1	1	0	0	0	29277789	0	0	29277789	0	0	0	/wp-cron.php?doing_wp_cron=1756591790.8564081192016601562500
1	1	0	0	0	29267593	0	0	29267593	0	0	0	/wp-cron.php?doing_wp_cron=1755979982.7045469284057617187500
1	0	0	0	1	0	0	29275641	0	0	29275641	0	/lite.php
1	0	0	0	2	0	0	29276366	0	0	29275642	0	/modules/mod_simplefileuploadv1.3/elements/filemanager.php
1	1	0	0	0	29284360	0	0	29284360	0	0	0	/wp-cron.php?doing_wp_cron=1756986017.5786819458007812500000
1	14	0	2	0	29303440	29271551	0	29256986	29257006	0	1428	/robots.txt
1	0	0	1	0	0	29257942	0	0	29257942	0	0	/?3.231.21.198
1	1	0	0	0	29273284	0	0	29273284	0	0	0	/wp-cron.php?doing_wp_cron=1756321479.7501580715179443359375
1	1	0	0	0	29280025	0	0	29280025	0	0	0	/wp-cron.php?doing_wp_cron=1756725922.9071741104125976562500
1	1	0	0	0	29259658	0	0	29259658	0	0	0	/wp-cron.php?doing_wp_cron=1755503933.5799500942230224609375
1	1	0	0	0	29259353	0	0	29259353	0	0	0	/wp-cron.php?doing_wp_cron=1755485638.5814900398254394531250
1	1	0	0	0	29258057	0	0	29258057	0	0	0	/wp-cron.php?doing_wp_cron=1755407857.9857869148254394531250
1	1	0	0	0	29256514	0	0	29256514	0	0	0	/wp-cron.php?doing_wp_cron=1755315259.8073489665985107421875
1	1	0	0	0	29277126	0	0	29277126	0	0	0	/wp-cron.php?doing_wp_cron=1756551967.1163489818572998046875
1	0	0	0	1	0	0	29275641	0	0	29275641	0	/ioxi-o.php
1	0	0	0	1	0	0	29275641	0	0	29275641	0	/wp-mt.php
1	1	0	0	0	29275642	0	0	29275642	0	0	0	/wp-cron.php?doing_wp_cron=1756462938.8139889240264892578125
1	0	0	0	1	0	0	29275642	0	0	29275642	0	/file.php
1	1	0	0	0	29297299	0	0	29297299	0	0	0	/wp-cron.php?doing_wp_cron=1757762371.4644548892974853515625
1	1	0	0	0	29275641	0	0	29275641	0	0	0	/wp-cron.php?doing_wp_cron=1756462888.1709070205688476562500
1	1	0	0	0	29300150	0	0	29300150	0	0	0	/wp-cron.php?doing_wp_cron=1757933415.2933800220489501953125
1	0	0	0	1	0	0	29275641	0	0	29275641	0	/alfa.php
1	1	0	0	0	29255068	0	0	29255068	0	0	64	/.well-known/acme-challenge/JA_VUZ8ZEZJKQPTF-YWDX3PIJQ_RSW94
1	1	0	0	0	29264705	0	0	29264705	0	0	0	/wp-cron.php?doing_wp_cron=1755806747.6419949531555175781250
1	0	0	0	1	0	0	29275641	0	0	29275641	0	/k90.php
1	1	0	0	0	29302543	0	0	29302543	0	0	0	/wp-cron.php?doing_wp_cron=1758077028.9008789062500000000000
1	0	0	0	1	0	0	29275641	0	0	29275641	0	/lv.php
1	1	0	0	0	29276129	0	0	29276129	0	0	0	/wp-cron.php?doing_wp_cron=1756492182.1272940635681152343750
1	0	0	0	1	0	0	29275642	0	0	29275642	0	/cf.php
1	1	0	0	0	29294343	0	0	29294343	0	0	0	/wp-cron.php?doing_wp_cron=1757584996.5023689270019531250000
1	1	0	0	0	29264024	0	0	29264024	0	0	0	/wp-cron.php?doing_wp_cron=1755765860.0768449306488037109375
1	1	0	0	0	29255068	0	0	29255068	0	0	64	/.well-known/acme-challenge/YENF0AORL1EBGDUS0SC0TSKTERC7OKLT
1	0	0	0	1	0	0	29275641	0	0	29275641	0	/a2.php
1	0	0	0	5	0	0	29264822	0	0	29255214	0	/ads.txt
1	1	0	0	0	29286279	0	0	29286279	0	0	0	/wp-cron.php?doing_wp_cron=1757101168.4930961132049560546875
1	1	0	0	0	29258477	0	0	29258477	0	0	0	/wp-cron.php?doing_wp_cron=1755433023.4566280841827392578125
1	1	0	0	0	29297731	0	0	29297731	0	0	0	/wp-cron.php?doing_wp_cron=1757788305.5467031002044677734375
1	0	0	0	4	0	0	29264822	0	0	29255214	0	/app-ads.txt
1	0	0	0	1	0	0	29275642	0	0	29275642	0	/13.php
1	1	0	0	0	29280022	0	0	29280022	0	0	0	/wp-cron.php?doing_wp_cron=1756725770.7510080337524414062500
1	0	0	0	2	0	0	29275642	0	0	29275642	0	/css.php
1	1	0	0	0	29257006	0	0	29257006	0	0	0	/wp-cron.php?doing_wp_cron=1755344776.1161599159240722656250
1	1	0	0	0	29262854	0	0	29262854	0	0	0	/wp-cron.php?doing_wp_cron=1755695685.1311020851135253906250
1	1	0	0	0	29269845	0	0	29269845	0	0	0	/wp-cron.php?doing_wp_cron=1756115104.6404819488525390625000
1	1	0	0	0	29262637	0	0	29262637	0	0	0	/wp-cron.php?doing_wp_cron=1755682658.4887819290161132812500
1	0	0	0	1	0	0	29275642	0	0	29275642	0	/7.php
1	0	0	0	1	0	0	29275641	0	0	29275641	0	/ova.php
1	1	0	0	0	29282156	0	0	29282156	0	0	0	/wp-cron.php?doing_wp_cron=1756853768.1640419960021972656250
1	0	0	0	1	0	0	29275642	0	0	29275642	0	/file32.php
1	1	0	0	0	29261069	0	0	29261069	0	0	0	/wp-cron.php?doing_wp_cron=1755588564.2082250118255615234375
1	0	0	0	1	0	0	29275641	0	0	29275641	0	/zews.php
1	1	0	0	0	29285998	0	0	29285998	0	0	0	/wp-cron.php?doing_wp_cron=1757084303.0725290775299072265625
1	7	0	0	0	29285748	0	0	29279199	0	0	49805	/wp-content/plugins/elementor/assets/css/frontend.min.css?ver=3.31.3
1	1	0	0	0	29260949	0	0	29260949	0	0	0	/wp-cron.php?doing_wp_cron=1755581373.9455590248107910156250
1	1	0	0	0	29284360	0	0	29284360	0	0	0	/wp-cron.php?doing_wp_cron=1756986017.5786869525909423828125
1	15	0	0	0	29278317	0	0	29256963	0	0	105405	/wp-content/plugins/elementor/assets/css/frontend.min.css?ver=3.31.2
1	1	0	0	0	29260083	0	0	29260083	0	0	0	/wp-cron.php?doing_wp_cron=1755529417.8630399703979492187500
1	0	0	0	1	0	0	29275641	0	0	29275641	0	/111.php
1	0	0	0	1	0	0	29275642	0	0	29275642	0	/x.php
1	1	0	0	0	29264822	0	0	29264822	0	0	0	/wp-cron.php?doing_wp_cron=1755813755.9755680561065673828125
1	1	0	0	0	29300656	0	0	29300656	0	0	0	/wp-cron.php?doing_wp_cron=1757963778.1605548858642578125000
1	0	0	0	1	0	0	29275642	0	0	29275642	0	/2.php
1	0	0	0	1	0	0	29275642	0	0	29275642	0	/ll.php
1	1	0	0	0	29286347	0	0	29286347	0	0	0	/wp-cron.php?doing_wp_cron=1757105231.2966060638427734375000
1	0	0	0	1	0	0	29276366	0	0	29276366	0	/ol.php
1	0	0	0	1	0	0	29275641	0	0	29275641	0	/ee.php
1	1	0	0	0	29267084	0	0	29267084	0	0	0	/wp-cron.php?doing_wp_cron=1755949461.5280439853668212890625
1	1	0	0	0	29288569	0	0	29288569	0	0	0	/wp-cron.php?doing_wp_cron=1757238579.7881720066070556640625
1	0	0	0	1	0	0	29275641	0	0	29275641	0	/123.php
1	1	0	0	0	29288584	0	0	29288584	0	0	0	/wp-cron.php?doing_wp_cron=1757239468.9122030735015869140625
1	1	0	0	0	29256419	0	0	29256419	0	0	0	/wp-cron.php?doing_wp_cron=1755309569.5845179557800292968750
1	0	0	0	1	0	0	29275642	0	0	29275642	0	/pepe.php
1	1	0	0	0	29264112	0	0	29264112	0	0	0	/wp-cron.php?doing_wp_cron=1755771161.0755989551544189453125
1	1	0	0	0	29255644	0	0	29255644	0	0	0	/wp-cron.php?doing_wp_cron=1755263048.0358920097351074218750
1	1	0	0	0	29268347	0	0	29268347	0	0	0	/wp-cron.php?doing_wp_cron=1756025220.9071819782257080078125
1	2	2	0	0	29273284	0	0	29256615	0	0	832	/wp-json/wp/v2/users/
1	1	0	0	0	29260952	0	0	29260952	0	0	0	/wp-cron.php?doing_wp_cron=1755581573.0929930210113525390625
1	0	0	0	1	0	0	29275642	0	0	29275642	0	/02.php
1	1	0	0	0	29255727	0	0	29255727	0	0	0	/wp-cron.php?doing_wp_cron=1755268047.2334520816802978515625
1	0	0	0	1	0	0	29275641	0	0	29275641	0	/zwso.php
1	0	0	0	1	0	0	29275641	0	0	29275641	0	/geck.php
1	1	0	0	0	29265566	0	0	29265566	0	0	0	/wp-cron.php?doing_wp_cron=1755858400.5845520496368408203125
1	1	0	0	0	29287327	0	0	29287327	0	0	0	/wp-cron.php?doing_wp_cron=1757164052.0396881103515625000000
1	0	0	0	2	0	0	29276366	0	0	29275641	0	/we.php
1	8	8	0	0	29288569	0	0	29269845	0	0	39864	/?17.241.75.119
1	0	0	0	1	0	0	29275642	0	0	29275642	0	/13k.php
1	1	0	0	0	29255068	0	0	29255068	0	0	64	/.well-known/acme-challenge/N8R7XQ7MX4T7QD26Q6Z6L-XJ_BX-DF8Y
1	0	0	0	2	0	0	29276366	0	0	29275641	0	/abcd.php
1	0	0	0	1	0	0	29256419	0	0	29256419	0	/wp-admin/setup-config.php?step=1&language=en_EN
1	1	0	0	0	29291433	0	0	29291433	0	0	0	/wp-cron.php?doing_wp_cron=1757410413.2384018898010253906250
1	1	0	0	0	29290034	0	0	29290034	0	0	0	/wp-cron.php?doing_wp_cron=1757326498.8255159854888916015625
1	0	0	0	1	0	0	29275641	0	0	29275641	0	/dev.php
1	0	0	0	3	0	0	29276366	0	0	29275641	0	/wp.php
1	1	0	0	0	29293749	0	0	29293749	0	0	0	/wp-cron.php?doing_wp_cron=1757549380.6238648891448974609375
1	1	0	0	0	29275642	0	0	29275642	0	0	0	/wp-cron.php?doing_wp_cron=1756462948.9382820129394531250000
1	1	0	0	0	29280019	0	0	29280019	0	0	0	/wp-cron.php?doing_wp_cron=1756725582.9089260101318359375000
1	1	0	0	0	29256129	0	0	29256129	0	0	0	/wp-cron.php?doing_wp_cron=1755292144.4933979511260986328125
1	0	0	0	1	0	0	29256419	0	0	29256419	0	/wordpress/wp-admin/setup-config.php?step=1&language=en_EN
1	7	0	0	0	29285748	0	0	29279199	0	0	3437	/wp-content/uploads/elementor/css/post-6.css?ver=1756653367
1	1	0	0	0	29256615	0	0	29256615	0	0	0	/wp-cron.php?doing_wp_cron=1755321354.7462089061737060546875
1	1	0	0	0	29297315	0	0	29297315	0	0	0	/wp-cron.php?doing_wp_cron=1757763338.6378140449523925781250
1	0	0	0	1	0	0	29275642	0	0	29275642	0	/kk.php
1	1	0	0	0	29256963	0	0	29256963	0	0	0	/wp-cron.php?doing_wp_cron=1755342207.1733069419860839843750
1	1	0	0	0	29292866	0	0	29292866	0	0	0	/wp-cron.php?doing_wp_cron=1757496360.9339129924774169921875
1	0	0	0	1	0	0	29275641	0	0	29275641	0	/fm.php
1	1	0	0	0	29295739	0	0	29295739	0	0	0	/wp-cron.php?doing_wp_cron=1757668787.7902760505676269531250
1	0	0	0	1	0	0	29275641	0	0	29275641	0	/akcc.php
1	1	0	0	0	29272754	0	0	29272754	0	0	0	/wp-cron.php?doing_wp_cron=1756289646.8999691009521484375000
1	1	0	0	0	29255344	0	0	29255344	0	0	0	/wp-cron.php?doing_wp_cron=1755245077.4859371185302734375000
1	1	0	0	0	29285748	0	0	29285748	0	0	0	/wp-cron.php?doing_wp_cron=1757069294.6314790248870849609375
1	1	0	0	0	29296303	0	0	29296303	0	0	0	/wp-cron.php?doing_wp_cron=1757702611.5365009307861328125000
1	0	0	0	1	0	0	29275641	0	0	29275641	0	/mms.php
1	0	0	0	1	0	0	29275642	0	0	29275642	0	/3.php
1	1	0	0	0	29260952	0	0	29260952	0	0	0	/wp-cron.php?doing_wp_cron=1755581533.4322960376739501953125
1	0	0	0	1	0	0	29273284	0	0	29273284	0	/xmlrpc.php
1	1	0	0	0	29290442	0	0	29290442	0	0	0	/wp-cron.php?doing_wp_cron=1757350955.8496000766754150390625
1	1	0	0	0	29280924	0	0	29280924	0	0	0	/wp-cron.php?doing_wp_cron=1756779861.1651880741119384765625
1	0	0	0	1	0	0	29275641	0	0	29275641	0	/124.php
1	0	0	0	1	0	0	29275642	0	0	29275642	0	/system_log.php
1	5	0	0	0	29255071	0	0	29255071	0	0	435	/.well-known/acme-challenge/pddUykq_fRhBk5yQ2Ug4W6o6EYEuvt_5F2XJs2zMzWU
1	1	0	0	0	29276366	0	0	29276366	0	0	0	/wp-cron.php?doing_wp_cron=1756506402.3586089611053466796875
1	1	0	0	0	29258137	0	0	29258137	0	0	0	/wp-cron.php?doing_wp_cron=1755412659.3208920955657958984375
1	1	0	0	0	29279199	0	0	29279199	0	0	0	/wp-cron.php?doing_wp_cron=1756676375.1920421123504638671875
1	1	0	0	0	29266882	0	0	29266882	0	0	0	/wp-cron.php?doing_wp_cron=1755937328.4289710521697998046875
1	1	0	0	0	29260939	0	0	29260939	0	0	0	/wp-cron.php?doing_wp_cron=1755580780.7434630393981933593750
1	1	0	0	0	29285748	0	0	29285748	0	0	0	/wp-cron.php?doing_wp_cron=1757069294.6314849853515625000000
1	1	0	0	0	29255068	0	0	29255068	0	0	64	/.well-known/acme-challenge/T5ZG1QBS23Z6W08ETJ_SUJS-YQERRMO1
1	1	0	0	0	29257942	0	0	29257942	0	0	0	/wp-cron.php?doing_wp_cron=1755400949.4492340087890625000000
1	1	0	0	0	29256973	0	0	29256973	0	0	0	/wp-cron.php?doing_wp_cron=1755342789.2413220405578613281250
1	0	0	1	0	0	29275641	0	0	29275641	0	0	/fm.php?p=
1	1	0	0	0	29300443	0	0	29300443	0	0	0	/wp-cron.php?doing_wp_cron=1757951029.6916220188140869140625
1	1	0	0	0	29279931	0	0	29279931	0	0	0	/wp-cron.php?doing_wp_cron=1756720284.2682530879974365234375
1	1	0	0	0	29261810	0	0	29261810	0	0	0	/wp-cron.php?doing_wp_cron=1755633008.7100899219512939453125
1	1	0	0	0	29259859	0	0	29259859	0	0	0	/wp-cron.php?doing_wp_cron=1755515995.0970749855041503906250
1	1	0	0	0	29271278	0	0	29271278	0	0	0	/wp-cron.php?doing_wp_cron=1756201137.9312529563903808593750
1	1	0	0	0	29275593	0	0	29275593	0	0	0	/wp-cron.php?doing_wp_cron=1756460008.7840719223022460937500
1	0	0	0	2	0	0	29276366	0	0	29275641	0	/gmo.php
1	1	0	0	0	29291209	0	0	29291209	0	0	0	/wp-cron.php?doing_wp_cron=1757396984.8406250476837158203125
1	0	0	0	1	0	0	29275642	0	0	29275642	0	/xx.php
1	0	0	0	1	0	0	29275642	0	0	29275642	0	/atomlib.php
1	1	1	0	0	29273284	0	0	29273284	0	0	1714	/feed/
1	1	0	0	0	29256948	0	0	29256948	0	0	0	/wp-cron.php?doing_wp_cron=1755341288.0338349342346191406250
1	0	0	0	4	0	0	29264822	0	0	29255214	0	/sellers.json
1	1	0	0	0	29255068	0	0	29255068	0	0	64	/.well-known/acme-challenge/98RZG529OCVQ0DI8U39A005X78_3UZDJ
1	1	0	0	0	29291433	0	0	29291433	0	0	0	/wp-cron.php?doing_wp_cron=1757410413.2383940219879150390625
1	0	0	0	2	0	0	29276366	0	0	29275642	0	/class20.php
1	1	0	0	0	29255731	0	0	29255731	0	0	0	/wp-cron.php?doing_wp_cron=1755268274.1034119129180908203125
1	0	0	0	1	0	0	29275642	0	0	29275642	0	/wp-admin/maint/maint.php
1	0	0	0	40	0	0	29301120	0	0	29255214	0	/favicon.ico
1	1	0	0	0	29271551	0	0	29271551	0	0	0	/wp-cron.php?doing_wp_cron=1756217465.0197451114654541015625
1	1	0	0	0	29302924	0	0	29302924	0	0	0	/wp-cron.php?doing_wp_cron=1758099892.3841140270233154296875
1	2	0	0	0	29275589	0	0	29275589	0	0	0	/wp-cron.php?doing_wp_cron=1756459754.2309100627899169921875
1	1	0	0	0	29257936	0	0	29257936	0	0	0	/wp-cron.php?doing_wp_cron=1755400566.6984140872955322265625
1	0	0	0	2	0	0	29276366	0	0	29275642	0	/goods.php
1	22	0	0	0	29285748	0	0	29256963	0	0	330586	/wp-includes/css/dist/block-library/style.min.css?ver=6.8.2
1	0	0	0	1	0	0	29275641	0	0	29275641	0	/chosen.php
1	1	0	0	0	29279931	0	0	29279931	0	0	0	/wp-cron.php?doing_wp_cron=1756720296.8768169879913330078125
1	1	0	0	0	29278662	0	0	29278662	0	0	0	/wp-cron.php?doing_wp_cron=1756644123.0142569541931152343750
1	0	0	0	1	0	0	29275642	0	0	29275642	0	/bypass.php
1	0	0	0	1	0	0	29275642	0	0	29275642	0	/10.php
1	1	0	0	0	29268415	0	0	29268415	0	0	0	/wp-cron.php?doing_wp_cron=1756029359.7928578853607177734375
1	1	0	0	0	29292866	0	0	29292866	0	0	0	/wp-cron.php?doing_wp_cron=1757496360.9339048862457275390625
1	1	0	0	0	29255068	0	0	29255068	0	0	64	/.well-known/acme-challenge/5FM_KY8CNUXW67CMMM5NDLEBEL4CTS2_
1	1	0	0	0	29282928	0	0	29282928	0	0	0	/wp-cron.php?doing_wp_cron=1756900136.7871909141540527343750
1	1	0	0	0	29256376	0	0	29256376	0	0	0	/wp-cron.php?doing_wp_cron=1755307012.8898200988769531250000
1	1	0	0	0	29255731	0	0	29255731	0	0	0	/wp-cron.php?doing_wp_cron=1755268284.6950230598449707031250
1	1	0	0	0	29300350	0	0	29300350	0	0	0	/wp-cron.php?doing_wp_cron=1757945428.8094730377197265625000
1	1	0	0	0	29301120	0	0	29301120	0	0	0	/wp-cron.php?doing_wp_cron=1757991639.8694601058959960937500
1	9	0	0	0	29285748	0	0	29256963	0	0	33149	/wp-content/plugins/turbo-cache/assets/js/wpr-beacon.min.js
1	0	0	0	1	0	0	29276366	0	0	29276366	0	/xc.php
1	0	0	0	1	0	0	29275642	0	0	29275642	0	/2x.php
1	1	0	0	0	29281365	0	0	29281365	0	0	0	/wp-cron.php?doing_wp_cron=1756806352.0455090999603271484375
1	1	0	0	0	29256127	0	0	29256127	0	0	0	/wp-cron.php?doing_wp_cron=1755292030.0878200531005859375000
1	1	0	0	0	29273284	0	0	29273284	0	0	1396	/wp-includes/ID3/license.txt
1	1	0	0	0	29290690	0	0	29290690	0	0	0	/wp-cron.php?doing_wp_cron=1757365811.7470319271087646484375
1	1	0	0	0	29258945	0	0	29258945	0	0	0	/wp-cron.php?doing_wp_cron=1755461146.6615009307861328125000
1	0	0	0	2	0	0	29276366	0	0	29275641	0	/wp-content/plugins/hellopress/wp_filemanager.php
1	0	0	0	1	0	0	29275642	0	0	29275642	0	/jp.php
1	122	122	48	0	29290034	29303017	0	29255167	29255593	0	868722	/
1	0	0	0	1	0	0	29275641	0	0	29275641	0	/bless.php
1	1	0	0	0	29261339	0	0	29261339	0	0	0	/wp-cron.php?doing_wp_cron=1755604794.0484480857849121093750
1	0	0	0	1	0	0	29275641	0	0	29275641	0	/ww.php
1	1	1	2	0	29295739	29300150	0	29295739	29297299	0	0	/?52.70.57.247
1	1	0	0	0	29284546	0	0	29284546	0	0	0	/wp-cron.php?doing_wp_cron=1756997212.4348158836364746093750
1	0	0	0	4	0	0	29276366	0	0	29275641	0	/pp.php
1	0	0	0	3	0	0	29276366	0	0	29275641	0	/wp-gr.php
1	0	0	0	1	0	0	29275642	0	0	29275642	0	/asus.php
1	1	0	0	0	29279199	0	0	29279199	0	0	0	/wp-cron.php?doing_wp_cron=1756676375.1920568943023681640625
1	0	0	0	1	0	0	29275641	0	0	29275641	0	/qing.php
1	0	0	2	0	0	29299084	0	0	29297731	0	0	/wp-login.php
1	1	0	0	0	29300581	0	0	29300581	0	0	0	/wp-cron.php?doing_wp_cron=1757959300.8314950466156005859375
1	1	0	0	0	29257591	0	0	29257591	0	0	0	/wp-cron.php?doing_wp_cron=1755379869.8726229667663574218750
1	1	0	0	0	29256986	0	0	29256986	0	0	0	/wp-cron.php?doing_wp_cron=1755343600.5651180744171142578125
1	2	0	0	0	29278317	0	0	29278317	0	0	838	/wp-content/uploads/elementor/css/post-6.css?ver=1754784000
1	1	0	0	0	29279199	0	0	29279199	0	0	0	/wp-cron.php?doing_wp_cron=1756676375.1920619010925292968750
1	1	0	0	0	29255964	0	0	29255964	0	0	0	/wp-cron.php?doing_wp_cron=1755282277.4244809150695800781250
1	1	0	0	0	29287121	0	0	29287121	0	0	0	/wp-cron.php?doing_wp_cron=1757151714.9198610782623291015625
3	1	1	0	2	29257059	0	29287327	29257059	0	29266882	7194	http://www.audicore.com.br/
3	0	0	0	2	0	0	29297386	0	0	29276681	0	http://mail.audicore.com.br/
3	71	0	0	19	29285748	0	29301120	29256963	0	29255214	503030	http://audicore.com.br/
4	0	0	1	0	0	29295739	0	0	29295739	0	0	ELinks/0.9.3 (textmode; Linux 2.6.9-kanotix-8 i686; 127x41)
4	0	0	1	0	0	29303017	0	0	29303017	0	0	Mozilla/5.0 (Windows NT 5.1; rv:31.0) Gecko/20100101 Firefox/31.0
4	0	0	1	0	0	29300169	0	0	29300169	0	0	Mozilla/5.0 (Windows NT 6.3; Trident/7.0; rv:11.0) like Gecko
4	3	2	3	0	29257936	29257942	0	29256986	29257006	0	14505	Mozilla/5.0 (Macintosh; Intel Mac OS X 10_15_7) AppleWebKit/605.1.15 (KHTML, like Gecko) Version/17.4 Safari/605.1.15 (Applebot/0.1; +http://www.apple.com/go/applebot)
4	5	1	0	0	29256973	0	0	29256973	0	0	33609	Mozilla/5.0 (Windows NT 10.0; Win64; x64) AppleWebKit/537.36 (KHTML, like Gecko) Chrome/103.0.5060.66 Safari/537.36 Edg/103.0.1264.44
4	1	1	0	0	29285748	0	0	29285748	0	0	7195	Opera/9.80 (Android 4.0.4; Linux; Opera Mobi/ADR-1205181138; U; pl) Presto/2.10.254 Version/12.00
4	4	0	0	0	29278317	0	0	29278317	0	0	24482	Mozilla/5.0 (Linux; Android 6.0.1; Nexus 5X Build/MMB29P) AppleWebKit/537.36 (KHTML, like Gecko) Chrome/139.0.7258.127 Mobile Safari/537.36 (compatible; Googlebot/2.1; +http://www.google.com/bot.html)
4	5	1	0	0	29256973	0	0	29256973	0	0	33610	Mozilla/5.0 (iPhone; CPU iPhone OS 12_2 like Mac OS X) AppleWebKit/605.1.15 (KHTML, like Gecko) Mobile/15E148
4	0	0	0	1	0	0	29260427	0	0	29260427	0	axios/1.8.4
4	1	1	0	0	29268346	0	0	29268346	0	0	6651	Mozilla/5.0 (X11; Linux x86_64) AppleWebKit/537.36 (KHTML, like Gecko) Chrome/83.0.4103.97 Safari/537.36
4	0	0	1	0	0	29290034	0	0	29290034	0	0	Mozilla/5.0 (Macintosh; Intel Mac OS X 10_15_4) AppleWebKit/537.36 (KHTML, like Gecko) Chrome/101.0.4951.54 Safari/537.36
4	2	2	2	4	29269316	29269316	29269316	29264410	29264411	29264410	13302	Mozilla/5.0 (compatible; CensysInspect/1.1; +https://about.censys.io/)
4	4	3	1	2	29273284	29273284	29273284	29273284	29273284	29273284	29425	Mozilla/5.0 (Windows NT 10.0; Win64; x64) AppleWebKit/537.36 (KHTML, like Gecko) Chrome/95.0.4638.69 Safari/537.36
4	1	1	0	0	29290034	0	0	29290034	0	0	0	Mozilla/5.0 (iPod touch; CPU iPhone OS 7_1 like Mac OS X) AppleWebKit/537.51.2 (KHTML like Gecko) Version/7.0 Mobile/11D167 Safari/123E71C
4	1	1	0	0	29285748	0	0	29285748	0	0	7195	Mozilla/5.0 (Linux; Android 8.0; Pixel 2 Build/OPD3.170816.012) AppleWebKit/537.36 (KHTML, like Gecko) Chrome/75.0.3765.0 Mobile Safari/537.36
4	10	1	0	0	29303440	0	0	29278317	0	0	7498	Mozilla/5.0 (compatible; Googlebot/2.1; +http://www.google.com/bot.html)
4	1	1	0	0	29255649	0	0	29255649	0	0	0	Mozilla/5.0 (SS; Linux i686) AppleWebKit/537.36 (KHTML, like Gecko) Chrome/123.0.0.0 Safari/537.36
4	5	2	0	0	29279931	0	0	29279931	0	0	36029	Mozilla/5.0 (Windows NT 6.1; WOW64) AppleWebKit/537.36 (KHTML, like Gecko) Chrome/45.0.2454.85 Safari/537.36
4	1	1	0	0	29257086	0	0	29257086	0	0	7187	Mozilla/5.0 (Macintosh; Intel Mac OS X 10_15_7) AppleWebKit/537.36 (KHTML, like Gecko) Chrome/103.0.0.0 Safari/537.36
4	4	1	0	0	29260953	0	0	29260952	0	0	29358	Mozilla/5.0 (Windows NT 10.0; Win64; x64) AppleWebKit/537.36 (KHTML, like Gecko) Chrome/137.0.0.0 Safari/537.36
4	1	1	0	0	29255167	0	0	29255167	0	0	0	Mozilla/5.0 (X11; Linux i686) AppleWebKit/537.36 (KHTML, like Gecko) Chrome/129.0.0.0 Safari/537.36
4	11	4	0	20	29264822	0	29264822	29255214	0	29255214	62988	Mozilla/5.0 (X11; Linux x86_64) AppleWebKit/537.36 (KHTML, like Gecko) Chrome/132.0.0.0 Safari/537.3
4	6	2	0	0	29259354	0	0	29259353	0	0	29475	CheckMarkNetwork/1.0 (+http://www.checkmarknetwork.com/spider.html)
4	0	0	1	0	0	29291433	0	0	29291433	0	0	Mozilla/5.0 (compatible; Konqueror/3.5; Linux; en_US) KHTML/3.5.6 (like Gecko) (Kubuntu)
4	0	0	0	1	0	0	29278317	0	0	29278317	0	Googlebot-Image/1.0
4	5	5	2	0	29279199	29279199	0	29275573	29279199	0	108583	Mozilla/5.0 (Windows NT 10.0; Win64; x64) AppleWebKit/537.36 (KHTML, like Gecko) Chrome/84.0.4147.89 Safari/537.36
4	16	4	2	0	29279199	29279199	0	29279199	29279199	0	117520	Mozilla/5.0 (X11; Linux x86_64) AppleWebKit/537.36 (KHTML, like Gecko) HeadlessChrome/85.0.4182.0 Safari/537.36
4	1	1	0	0	29256127	0	0	29256127	0	0	0	Mozilla/5.0 (Macintosh; Intel Mac OS X 10_15_7) AppleWebKit/605.1.15 (KHTML, like Gecko) Version/17.4.1 Safari/605.6.16
4	2	2	1	2	29284546	29291209	29284546	29255644	29291209	29255644	7195	Mozilla/5.0 (Linux; Android 5.1.1; SM-J111F) AppleWebKit/537.36 (KHTML, like Gecko) Chrome/73.0.3683.90 Mobile Safari/537.36
4	1	0	1	0	29293749	29293749	0	29293749	29293749	0	117	Pandalytics/2.0 (https://domainsbot.com/pandalytics/)
4	3	3	0	0	29260952	0	0	29260939	0	0	19923	Mozilla/5.0 (Macintosh; Intel Mac OS X 10_15_7) AppleWebKit/537.36 (KHTML, like Gecko) Chrome/128.0.0.0 Safari/537.36
4	4	4	0	0	29286347	0	0	29257591	0	0	103115	Mozilla/5.0 (Windows NT 10.0; Win64; x64) AppleWebKit/537.36 (KHTML, like Gecko) Chrome/128.0.0.0 Safari/537.36
4	2	2	2	0	29258477	29300317	0	29256129	29300193	0	6650	Mozilla/5.0 (compatible; CMS-Checker/1.0; +https://example.com)
4	1	0	0	0	29298533	0	0	29298533	0	0	83759	Mozilla/5.0 (Macintosh; Intel Mac OS X 10_10_1) AppleWebKit/537.36 (KHTML, like Gecko) Chrome/39.0.2171.95 Safari/537.36
4	1	1	0	0	29256125	0	0	29256125	0	0	0	Mozilla/5.0 (X11; Linux x86_64) AppleWebKit/537.36 (KHTML, like Gecko) Chrome/125.0.0.0 Safari/537.36
4	1	0	0	0	29257737	0	0	29257737	0	0	3703	Opera/12.0(Windows NT 5.1;U;en)Presto/22.9.168 Version/12.00
4	1	1	0	0	29288569	0	0	29288569	0	0	0	Mozilla/5.0 (Macintosh; Intel Mac OS X 10_14_6) AppleWebKit/537.36 (KHTML, like Gecko) Chrome/99.0.4844.84 Safari/537.36
4	1	0	1	0	29271551	29271551	0	29271551	29271551	0	96	Mozilla/5.0 (compatible; ORT/v1.0.0; visit ORTc.me )
4	1	1	0	0	29284360	0	0	29284360	0	0	6651	Mozilla/5.0 (Windows NT 6.3; WOW64) AppleWebKit/537.36 (KHTML, like Gecko) Chrome/31.0.1650.57 Safari/537.36 OPR/18.0.1284.49
4	5	5	2	0	29255731	29255728	0	29255727	29255727	0	0	Mozilla/5.0 (X11; Linux x86_64) AppleWebKit/537.36 (KHTML, like Gecko) HeadlessChrome/125.0.6422.60 Safari/537.36
4	4	1	0	0	29282156	0	0	29282156	0	0	29375	Mozilla/5.0 (X11; Linux x86_64) AppleWebKit/537.36 (KHTML, like Gecko) Chrome/116.0.0.0 Safari/537.36
4	1	1	2	0	29256514	29300581	0	29256514	29300150	0	7194	Mozilla/5.0 Firefox/33.0
4	0	0	1	0	0	29288569	0	0	29288569	0	0	Mozilla/5.0 (X11; NetBSD amd64; rv:16.0) Gecko/20121102 Firefox/16.0
4	1	1	0	0	29287121	0	0	29287121	0	0	0	Opera/7.51 (Windows NT 5.1; U) [en]
4	4	1	0	1	29275598	0	29275598	29275598	0	29275598	29378	Mozilla/5.0 (Windows NT 10.0; Win64; x64) AppleWebKit/537.36 (KHTML, like Gecko) Chrome/138.0.7204.97 Safari/537.36
4	0	0	1	0	0	29297299	0	0	29297299	0	0	Mozilla/5.0 (X11; Ubuntu; Linux x86_64; rv:20.0) Gecko/20100101 Firefox/20.0
4	3	3	3	6	29273319	29301120	29301120	29258945	29266882	29258945	19953	Mozilla/5.0 (X11; Linux x86_64; rv:139.0) Gecko/20100101 Firefox/139.0
4	7	3	0	1	29275596	0	29275597	29256376	0	29275597	48015	Mozilla/5.0 (iPhone; CPU iPhone OS 18_5 like Mac OS X) AppleWebKit/605.1.15 (KHTML, like Gecko) Version/18.5 Mobile/15E148 Safari/604.1
4	1	1	0	0	29264024	0	0	29264024	0	0	6651	Mozilla/5.0 (Windows NT 6.1; WOW64; rv:54.0) Gecko/20100101 Firefox/54.0
4	1	1	0	0	29263095	0	0	29263095	0	0	6650	Mozilla/5.0 (X11; Linux x86_64) AppleWebKit/537.36 (KHTML, like Gecko) Chrome/137.0.0.0 Safari/537.36
4	4	1	0	1	29260426	0	29260426	29260426	0	29260426	29360	Mozilla/5.0 (Windows NT 10.0; Win64; x64; rv:109.0) Gecko/20100101 Firefox/109.0
4	0	0	2	0	0	29299084	0	0	29297731	0	0	Mozilla/5.0
4	8	2	2	0	29258357	29288584	0	29258356	29288584	0	58724	Mozilla/5.0 (X11; Linux x86_64) AppleWebKit/537.36 (KHTML, like Gecko) HeadlessChrome/68.0.3440.106 Safari/537.36
4	2	2	3	1	29256615	29300443	29256615	29256615	29256615	29256615	26666	Mozilla/5.0 (Windows NT 10.0; Win64; x64) AppleWebKit/537.36 (KHTML, like Gecko) Chrome/78.0.3904.108 Safari/537.36
4	1	1	0	0	29263846	0	0	29263846	0	0	7194	Mozilla/5.0 (iPhone; CPU iPhone OS 18_1_1 like Mac OS X) AppleWebKit/605.1.15 (KHTML, like Gecko) Version/18.1.1 Mobile/15E148 Safari/604.1
4	1	1	0	1	29275589	0	29275589	29275589	0	29275589	6651	Mozilla/5.0 (Windows NT 10.0; Win64; x64) AppleWebKit/537.36 (KHTML, like Gecko) Chrome/131.0.0.0 Safari/537.36 Edg/131.0.0.0
4	5	0	0	0	29255071	0	0	29255071	0	0	435	Mozilla/5.0 (compatible; Let's Encrypt validation server; +https://www.letsencrypt.org)
4	5	1	0	0	29285748	0	0	29285748	0	0	33625	Mozilla/5.0 (iPhone; CPU iPhone OS 15_4 like Mac OS X) AppleWebKit/605.1.15 (KHTML, like Gecko) CriOS/100.0.4896.77 Mobile/15E148 Safari/604.1
4	3	3	3	0	29262854	29262854	0	29255593	29255593	0	13302	Mozilla/5.0 (X11; Linux x86_64) AppleWebKit/537.36 (KHTML, like Gecko)             Chrome/44.0.2403.157 Safari/537.36
4	0	0	1	0	0	29260083	0	0	29260083	0	0	Mozilla/5.0 (Linux; Android 4.2.1; en-us; Nexus 5 Build/JOP40D) AppleWebKit/535.19             (KHTML, like Gecko; googleweblight) Chrome/38.0.1025.166 Mobile Safari/535.19
4	1	1	0	0	29256605	0	0	29256605	0	0	7194	Mozilla/5.0 (Debian; Linux x86_64) AppleWebKit/537.36 (KHTML, like Gecko) Chrome/118.0.0.0 Safari/537.36
4	0	0	0	2	0	0	29256419	0	0	29256419	0	Apache/2.4.34 (Ubuntu) OpenSSL/1.1.1 (internal dummy connection)
4	4	4	0	0	29264822	0	0	29255214	0	0	0	curl/7.81.0
4	1	1	0	0	29276567	0	0	29276567	0	0	6651	Mozilla/5.0 (Windows NT 10.0; Win64; x64) AppleWebKit/537.36 (KHTML, like Gecko) Chrome/91.0.4472.114 Safari/537.36 Edg/91.0.864.54
4	6	2	0	0	29256963	0	0	29256948	0	0	40805	Mozilla/5.0 (iPhone; CPU iPhone OS 14_4 like Mac OS X) AppleWebKit/605.1.15 (KHTML, like Gecko) Version/15.4 Mobile/15E148 Safari/604.1
4	1	1	0	0	29278317	0	0	29278317	0	0	7181	Mozilla/5.0 (Linux; Android 6.0.1; Nexus 5X Build/MMB29P) AppleWebKit/537.36 (KHTML, like Gecko) Chrome/99.0.4844.84 Mobile Safari/537.36 (compatible; Googlebot/2.1; +http://www.google.com/bot.html)
4	0	0	1	0	0	29294343	0	0	29294343	0	0	Opera/9.20 (Macintosh; Intel Mac OS X; U; en)
4	1	1	0	0	29282928	0	0	29282928	0	0	0	Opera/8.01 (J2ME/MIDP; Opera Mini/1.0.1479/HiFi; SonyEricsson P900; no; U; ssr)
4	1	1	0	0	29287122	0	0	29287122	0	0	7195	Mozilla/5.0 (Linux; Android 11; AC2001) AppleWebKit/537.36 (KHTML, like Gecko) Chrome/98.0.4758.101 Mobile Safari/537.36
4	0	0	0	4	0	0	29286347	0	0	29257591	0	Mozilla/5.0 (Windows NT 6.1; WOW64; rv:22.0) Gecko/20100101 Firefox/22.0
4	1	1	0	0	29282929	0	0	29282929	0	0	6647	Mozilla/5.0 (Macintosh; Intel Mac OS X 10_14_6) AppleWebKit/605.1.15 (KHTML, like Gecko) Version/12.1.2 Safari/605.1.15
4	1	1	0	0	29258057	0	0	29258057	0	0	7193	Mozilla/5.0 (Linux; Android 10; K) AppleWebKit/537.36 (KHTML, like Gecko) Chrome/132.0.0.0 Mobile Safari/537.36
4	1	1	0	2	29255498	0	29255499	29255498	0	29255498	0	Mozilla/5.0 (Windows NT 10.0; Win64; x64) AppleWebKit/537.36 (KHTML, like Gecko) Chrome/139.0.0.0 Safari/537.36
4	3	0	0	0	29278317	0	0	29278317	0	0	20957	Mozilla/5.0 AppleWebKit/537.36 (KHTML, like Gecko; compatible; Googlebot/2.1; +http://www.google.com/bot.html) Chrome/139.0.7258.127 Safari/537.36
4	0	0	1	0	0	29300169	0	0	29300169	0	0	Mozilla/5.0 (PLAYSTATION 3; 1.10)
4	0	0	1	0	0	29291433	0	0	29291433	0	0	Mozilla/5.0 (X11; Linux i686) AppleWebKit/537.22 (KHTML like Gecko) Ubuntu Chromium/25.0.1364.160 Chrome/25.0.1364.160 Safari/537.22
4	1	1	0	0	29255344	0	0	29255344	0	0	0	Mozilla/5.0 (Windows NT 6.1; Win64; x64; rv:25.0) Gecko/20100101 Firefox/29.0
4	1	1	0	0	29282928	0	0	29282928	0	0	7190	Mozilla/5.0 (Linux; Android 10; Redmi Note 8 Pro) AppleWebKit/537.36 (KHTML, like Gecko) Chrome/101.0.4951.41 Mobile Safari/537.36
4	0	0	1	0	0	29303017	0	0	29303017	0	0	Mozilla/5.0 (WindowsCE 6.0; rv:2.0.1) Gecko/20100101 Firefox/4.0.1
4	0	0	1	0	0	29290442	0	0	29290442	0	0	Mozilla/5.0 (Macintosh; Intel Mac OS X 10_15_7) AppleWebKit/537.36 (KHTML, like Gecko) Chrome/131.0.0.0 Safari/537.36
4	0	0	1	0	0	29297315	0	0	29297315	0	0	Mozilla/5.0 (X11; Linux x86_64) AppleWebKit/537.36 (KHTML, like Gecko) HeadlessChrome/109.0.5414.46 Safari/537.36
4	1	1	0	0	29285998	0	0	29285998	0	0	6652	Mozilla/5.0 (X11; Linux x86_64) AppleWebKit/537.36 (KHTML, like Gecko) HeadlessChrome/89.0.4389.90 Safari/537.36
4	1	1	1	0	29280924	29280924	0	29280924	29280924	0	25483	Mozilla/5.0 (compatible; NetcraftSurveyAgent/1.0; +info@netcraft.com)
4	1	1	1	0	29261339	29261339	0	29261339	29261339	0	6650	Mozilla/5.0 (Windows NT 6.1; Win64; x64) AppleWebKit/537.36 (KHTML, like Gecko)             Chrome/55.0.2883.87 Safari/537.36
4	148	0	0	0	29303440	0	0	29255344	0	0	0	WordPress/6.8.2; https://audicore.com.br
4	1	1	0	0	29284360	0	0	29284360	0	0	6651	Mozilla/5.0 (Macintosh; Intel Mac OS X 10_15_0) AppleWebKit/537.36 (KHTML, like Gecko) Chrome/100.0.4896.127 Safari/537.36
4	1	1	0	0	29257737	0	0	29257737	0	0	7194	Mozilla/5.0 (Macintosh; PPC Mac OS X 10.9; rv:47.0) Gecko/20100101 Firefox/47.0
4	0	0	0	2	0	0	29256973	0	0	29256973	0	Mozilla/5.0 (Windows NT 6.3; WOW64; rv:38.0) Gecko/20100101 Firefox/38.0
4	0	0	1	0	0	29292865	0	0	29292865	0	0	Mozilla/5.0 (Windows NT 10.0; Win64; x64) AppleWebKit/537.36 (KHTML, like Gecko) Chrome/94.0.4606.81 Safari/537.36
4	6	2	0	0	29256963	0	0	29256948	0	0	40803	Mozilla/5.0 (Macintosh; Intel Mac OS X 10_15_7) AppleWebKit/537.36 (KHTML, like Gecko) Chrome/113.0.0.0 Safari/537.36
4	0	0	1	0	0	29292865	0	0	29292865	0	0	Mozilla/5.0 (iPad; CPU OS 7_0 like Mac OS X) AppleWebKit/537.51.1 (KHTML, like Gecko) CriOS/30.0.1599.12 Mobile/11A465 Safari/8536.25 (3B92C18B-D9DE-4CB7-A02A-22FD2AF17C8F)
4	1	1	0	0	29275593	0	0	29275593	0	0	6640	Mozilla/5.0 (Windows NT 10.0; Win64; x64) AppleWebKit/537.36 (KHTML, like Gecko) Chrome/42.0.2311.135 Safari/537.36 Edge/12.246
4	0	0	1	0	0	29294343	0	0	29294343	0	0	Mozilla/5.0 (X11; Linux i686; rv:32.0) Gecko/20100101 Firefox/32.0
4	1	1	0	0	29295739	0	0	29295739	0	0	0	Mozilla/5.0 (X11; U; Linux i686; en-US; rv:1.9a3pre) Gecko/20070330
4	1	0	1	0	29301869	29301869	0	29301869	29301869	0	117	Mozilla/5.0 (Windows NT 10.0; Win64; x64) AppleWebKit/537.36 (KHTML, like Gecko) Chrome/121.0.0.0 Safari/537.3
4	7	7	2	9	29281703	29297386	29297386	29255964	29287327	29255964	39876	Mozilla/5.0 (X11; Linux x86_64) AppleWebKit/537.36 (KHTML, like Gecko) Chrome/139.0.0.0 Safari/537.36
4	0	0	1	0	0	29297299	0	0	29297299	0	0	Mozilla/5.0 (X11; U; Linux x86_64; en-us) AppleWebKit/537.36 (KHTML, like Gecko)  Chrome/30.0.1599.114 Safari/537.36 Puffin/4.8.0.2965AT
4	1	1	0	0	29255187	0	0	29255187	0	0	0	Mozilla/5.0 (Windows NT 10.0; Win64; x64) AppleWebKit/537.36 (KHTML, like Gecko) Chrome/138.0.0.0 Safari/537.36
4	20	20	0	0	29281365	0	0	29258356	0	0	133020	Mozilla/5.0 (Windows NT 10.0; Win64; x64)AppleWebKit/537.36 (KHTML, like Gecko) Chrome/66.0.3359.181 Safari/537.36
4	8	0	0	0	29255068	0	0	29255068	0	0	512	Cpanel-HTTP-Client/1.0
4	1	1	1	1	29257059	29257059	29257059	29257059	29257059	29257059	7194	Mozilla/5.0 (Windows NT 10.0; Win64; x64) AppleWebKit/537.36 (KHTML, like Gecko) Chrome/134.0.0.0 Safari/537.36
4	1	1	0	0	29287121	0	0	29287121	0	0	6652	Mozilla/5.0 (X11; Linux x86_64) AppleWebKit/537.36 (KHTML, like Gecko) Chrome/47.0.2526.80 Safari/537.36 Vivaldi/1.0.344.37
4	1	1	0	0	29259658	0	0	29259658	0	0	6652	Mozilla/5.0 (X11; CrOS armv7l 13904.41.0) AppleWebKit/537.36 (KHTML, like Gecko) Chrome/91.0.4472.81 Safari/537.36
5	5	2	0	0	29279199	0	0	29279199	0	0	54863	54.196.240.49
5	1	1	0	1	29255644	0	29255644	29255644	0	29255644	0	34.142.230.112
5	1	1	0	0	29278662	0	0	29278662	0	0	6648	52.36.85.37
5	5	2	0	5	29264822	0	29264822	29264822	0	29264822	29378	51.159.102.240
5	0	0	1	1	0	29287327	29287327	0	29287327	29287327	0	167.71.8.44
5	1	1	0	0	29264112	0	0	29264112	0	0	6651	52.35.25.195
5	0	0	1	1	0	29297386	29297386	0	29297386	29297386	0	142.93.65.139
5	2	2	0	5	29255214	0	29255214	29255214	0	29255214	0	51.159.102.236
5	1	1	0	0	29264024	0	0	29264024	0	0	6651	35.92.134.194
5	3	3	0	0	29287122	0	0	29287121	0	0	13847	100.25.135.16
5	1	1	0	0	29276567	0	0	29276567	0	0	6651	217.160.202.182
5	1	1	0	1	29276129	0	29276129	29276129	0	29276129	6651	165.22.13.106
5	1	1	0	0	29257936	0	0	29257936	0	0	7194	17.241.75.249
5	4	1	0	0	29258356	0	0	29258356	0	0	29362	54.214.227.158
5	0	0	1	1	0	29266882	29266882	0	29266882	29266882	0	139.59.30.11
5	1	1	0	0	29256127	0	0	29256127	0	0	0	100.25.144.223
5	1	0	0	0	29301869	0	0	29301869	0	0	117	185.12.150.17
5	1	1	0	1	29255964	0	29255964	29255964	0	29255964	0	165.227.139.56
5	2	1	0	0	29256986	0	0	29256986	0	0	7311	17.241.227.128
5	1	0	0	0	29255071	0	0	29255071	0	0	87	23.178.112.219
5	2	2	2	0	29255731	29255728	0	29255728	29255727	0	0	34.122.147.229
5	2	2	0	0	29256948	0	0	29256948	0	0	14389	54.218.30.247
5	6	2	0	0	29259354	0	0	29259353	0	0	29475	3.35.197.97
5	0	0	1	0	0	29288584	0	0	29288584	0	0	34.212.18.94
5	1	1	1	1	29269316	29269316	29269316	29269316	29269316	29269316	6651	162.142.125.117
5	5	1	0	0	29256973	0	0	29256973	0	0	33609	3.85.89.133
5	2	2	0	0	29284360	0	0	29284360	0	0	13302	54.205.193.109
5	1	0	0	0	29257737	0	0	29257737	0	0	3703	52.41.184.147
5	1	1	0	0	29256129	0	0	29256129	0	0	0	34.170.106.70
5	1	1	0	0	29277126	0	0	29277126	0	0	6651	52.41.213.27
5	0	0	1	0	0	29297315	0	0	29297315	0	0	45.134.142.73
5	10	2	0	0	29256963	0	0	29256963	0	0	67219	54.70.251.177
5	1	1	1	1	29257059	29257059	29257059	29257059	29257059	29257059	7194	205.185.125.63
5	1	0	0	0	29296303	0	0	29296303	0	0	96	66.249.65.70
5	0	0	2	0	0	29297299	0	0	29297299	0	0	3.81.208.185
5	5	2	0	0	29279199	0	0	29279199	0	0	54863	3.80.38.193
5	1	1	0	0	29256605	0	0	29256605	0	0	7194	3.83.133.23
5	1	1	1	0	29295739	29295739	0	29295739	29295739	0	0	54.165.106.85
5	1	1	0	0	29265566	0	0	29265566	0	0	6653	54.187.11.57
5	1	0	0	0	29255071	0	0	29255071	0	0	87	18.119.159.155
5	4	1	0	0	29260953	0	0	29260952	0	0	29358	104.165.94.128
5	0	0	2	0	0	29300350	0	0	29300317	0	0	104.196.49.103
5	1	1	0	0	29271278	0	0	29271278	0	0	6651	54.188.15.105
5	8	4	0	10	29258137	0	29258137	29255464	0	29255464	33610	51.159.100.248
5	1	1	0	0	29278659	0	0	29278659	0	0	6648	35.90.187.233
5	1	1	0	0	29272754	0	0	29272754	0	0	6653	54.189.89.221
5	1	0	1	0	29271551	29271551	0	29271551	29271551	0	96	95.168.190.197
5	1	1	0	0	29269845	0	0	29269845	0	0	6653	34.220.165.43
5	1	1	0	0	29280022	0	0	29280022	0	0	6651	35.92.253.54
5	0	0	1	0	0	29302924	0	0	29302924	0	0	52.231.92.121
5	4	1	0	0	29282156	0	0	29282156	0	0	29375	185.50.251.216
5	0	0	1	1	0	29290674	29290674	0	29290674	29290674	0	139.59.5.190
5	4	1	0	2	29260426	0	29260427	29260426	0	29260426	29360	35.95.128.233
5	0	0	2	0	0	29303017	0	0	29303017	0	0	35.175.104.75
5	1	1	0	1	29258945	0	29258945	29258945	0	29258945	6650	165.227.105.59
5	1	1	0	0	29261220	0	0	29261220	0	0	6650	35.91.235.42
5	0	0	1	0	0	29290442	0	0	29290442	0	0	190.92.202.79
5	0	0	1	0	0	29301869	0	0	29301869	0	0	192.36.53.210
5	5	2	2	0	29279199	29279199	0	29279199	29279199	0	54863	54.91.136.207
5	2	2	1	1	29256615	29256615	29256615	29256615	29256615	29256615	26666	13.217.145.33
5	2	0	0	0	29303440	0	0	29302543	0	0	192	66.249.75.128
5	1	0	0	1	29278317	0	29278317	29278317	0	29278317	419	66.249.66.45
5	1	1	0	1	29267586	0	29267586	29267586	0	29267586	25483	3.93.196.90
5	1	1	0	0	29256514	0	0	29256514	0	0	7194	8.36.86.63
5	1	1	0	1	29261069	0	29261069	29261069	0	29261069	6650	167.172.178.195
5	4	1	0	1	29275598	0	29275598	29275598	0	29275598	29378	72.153.230.168
5	1	1	0	0	29255731	0	0	29255731	0	0	0	104.197.69.115
5	1	1	0	1	29267593	0	29267593	29267593	0	29267593	6653	68.183.11.6
5	1	1	0	0	29263846	0	0	29263846	0	0	7194	177.149.145.208
5	0	0	2	0	0	29300581	0	0	29300150	0	0	8.36.86.54
5	1	0	0	0	29255071	0	0	29255071	0	0	87	34.210.232.149
5	1	1	0	0	29262637	0	0	29262637	0	0	6650	35.90.80.14
5	10	1	0	0	29293200	0	0	29278317	0	0	42701	66.249.66.33
5	0	0	1	0	0	29257942	0	0	29257942	0	0	17.241.75.136
5	3	1	0	0	29278317	0	0	29278317	0	0	16614	66.249.66.32
5	1	0	2	0	29298533	29299084	0	29298533	29297731	0	83759	196.251.70.73
5	1	1	0	1	29273319	0	29273319	29273319	0	29273319	6653	178.128.238.124
5	4	1	0	0	29258357	0	0	29258357	0	0	29362	35.94.210.31
5	1	1	0	0	29255344	0	0	29255344	0	0	0	34.41.237.48
5	1	1	0	0	29257086	0	0	29257086	0	0	7187	44.201.58.4
5	1	0	0	0	29300656	0	0	29300656	0	0	96	66.249.75.102
5	1	1	0	0	29275589	0	0	29275589	0	0	7194	177.3.181.76
5	0	0	2	0	0	29257006	0	0	29257006	0	0	17.241.75.119
5	1	1	0	0	29260949	0	0	29260949	0	0	6641	104.232.195.243
5	1	1	0	1	29277789	0	29277789	29277789	0	29277789	25483	54.82.38.200
5	1	1	0	0	29274148	0	0	29274148	0	0	6654	18.237.84.205
5	1	1	0	1	29284546	0	29284546	29284546	0	29284546	7195	34.142.147.86
5	1	1	0	0	29260939	0	0	29260939	0	0	6641	104.232.195.237
5	1	1	0	0	29255649	0	0	29255649	0	0	0	18.233.162.103
5	0	0	1	79	0	29275641	29275642	0	29275641	29275641	0	4.217.170.77
5	1	1	0	0	29275606	0	0	29275606	0	0	6651	34.211.112.122
5	1	1	0	0	29259849	0	0	29259849	0	0	6652	35.92.13.138
5	1	1	0	0	29263095	0	0	29263095	0	0	6650	85.9.20.136
5	3	3	0	0	29282929	0	0	29282928	0	0	13837	3.87.3.148
5	1	1	0	0	29258057	0	0	29258057	0	0	7193	185.216.35.78
5	0	0	0	2	0	0	29256419	0	0	29256419	0	35.240.153.184
5	4	2	0	0	29279931	0	0	29279931	0	0	35538	94.102.63.27
5	1	1	0	1	29264705	0	29264705	29264705	0	29264705	6651	167.172.239.65
5	1	1	1	0	29290034	29290034	0	29290034	29290034	0	0	54.160.108.251
5	1	1	0	0	29260952	0	0	29260952	0	0	6641	154.210.100.101
5	0	0	2	0	0	29291433	0	0	29291433	0	0	54.165.26.200
5	1	1	1	1	29264410	29264411	29264410	29264410	29264411	29264410	6651	167.94.138.194
5	0	0	0	1	0	0	29256973	0	0	29256973	0	3.84.207.12
5	1	1	0	0	29258477	0	0	29258477	0	0	6650	34.55.10.128
5	0	0	1	0	0	29288584	0	0	29288584	0	0	35.87.221.90
5	0	0	2	0	0	29292865	0	0	29292865	0	0	3.83.38.89
5	1	1	0	0	29256376	0	0	29256376	0	0	7197	193.27.14.185
5	0	0	0	16	0	0	29276366	0	0	29276366	0	172.190.142.176
5	0	0	2	0	0	29294343	0	0	29294343	0	0	54.221.113.164
5	1	1	0	0	29259658	0	0	29259658	0	0	6652	46.173.69.11
5	1	0	1	0	29293749	29293749	0	29293749	29293749	0	117	34.250.208.103
5	1	1	0	0	29280025	0	0	29280025	0	0	6651	54.189.107.153
5	2	2	0	0	29255731	0	0	29255727	0	0	0	34.123.170.104
5	1	1	0	1	29281703	0	29281703	29281703	0	29281703	6648	68.183.48.93
5	1	1	0	0	29285998	0	0	29285998	0	0	6652	102.165.48.83
5	1	1	0	1	29275589	0	29275589	29275589	0	29275589	6651	108.181.69.243
5	1	1	0	0	29268415	0	0	29268415	0	0	6651	34.208.168.208
5	1	1	0	0	29256125	0	0	29256125	0	0	0	3.84.251.126
5	2	2	3	0	29262854	29262854	0	29255593	29255593	0	6650	200.160.3.220
5	0	0	0	1	0	0	29264840	0	0	29264840	0	206.168.34.118
5	1	1	1	0	29288569	29288569	0	29288569	29288569	0	0	98.80.230.244
5	0	0	0	1	0	0	29264798	0	0	29264798	0	206.168.34.90
5	2	2	2	0	29261339	29261339	0	29259859	29259859	0	13302	200.160.3.217
5	1	1	0	0	29275573	0	0	29275573	0	0	6651	149.88.26.224
5	5	2	2	0	29279199	29279199	0	29279199	29279199	0	54863	100.26.32.157
5	1	1	0	0	29255167	0	0	29255167	0	0	0	3.231.21.198
5	1	1	0	0	29275593	0	0	29275593	0	0	6640	38.60.221.187
5	1	1	0	1	29276681	0	29276681	29276681	0	29276681	6623	68.183.51.247
5	1	1	0	0	29258356	0	0	29258356	0	0	6650	34.209.62.133
5	1	1	0	0	29280019	0	0	29280019	0	0	6651	54.202.145.150
5	156	0	0	0	29303440	0	0	29255068	0	0	512	177.154.191.152
5	1	1	0	1	29257591	0	29257591	29257591	0	29257591	26666	54.90.67.217
5	1	1	0	1	29286347	0	29286347	29286347	0	29286347	25483	3.80.94.180
5	1	1	0	0	29255187	0	0	29255187	0	0	0	64.15.129.119
5	1	1	0	0	29281365	0	0	29281365	0	0	6648	44.250.243.239
5	0	0	2	0	0	29300169	0	0	29300169	0	0	54.90.114.81
5	1	1	0	1	29261810	0	29261810	29261810	0	29261810	6650	144.126.238.72
5	1	0	0	0	29255071	0	0	29255071	0	0	87	18.142.56.134
5	5	1	0	0	29256973	0	0	29256973	0	0	33610	44.202.61.124
5	1	1	0	2	29255498	0	29255499	29255498	0	29255498	0	189.6.25.54
5	0	0	1	0	0	29300443	0	0	29300443	0	0	34.182.69.148
5	5	1	0	1	29275596	0	29275597	29275596	0	29275597	33624	186.227.198.149
5	1	1	1	0	29280924	29280924	0	29280924	29280924	0	25483	52.209.88.193
5	1	1	0	0	29267084	0	0	29267084	0	0	6653	35.91.203.223
5	0	0	1	1	0	29301120	29301120	0	29301120	29301120	0	152.42.133.51
5	1	0	0	0	29279931	0	0	29279931	0	0	491	93.174.93.114
5	1	1	0	0	29268346	0	0	29268346	0	0	6651	52.42.184.131
5	1	1	0	0	29257737	0	0	29257737	0	0	7194	54.70.87.232
5	1	0	0	0	29255071	0	0	29255071	0	0	87	16.171.18.200
5	4	3	1	2	29273284	29273284	29273284	29273284	29273284	29273284	29425	38.97.60.99
5	0	0	1	0	0	29291209	0	0	29291209	0	0	34.143.224.100
5	7	3	0	0	29285748	0	0	29285748	0	0	48015	54.90.13.109
5	0	0	1	0	0	29300193	0	0	29300193	0	0	35.203.162.171
5	0	0	0	1	0	0	29256973	0	0	29256973	0	52.70.57.247
z	0	177	29	29303440	0
z	2	23	0	29303440	1907
z	3	27	1	29301869	11796
z	4	125	93	29287122	817376
z	5	34	11	29298533	697024
c	200	386	29303440
c	301	56	29303017
c	302	2	29299084
c	404	151	29301120
c	406	4	29276366
c	409	1	29256419
